---
Alpha1: 39.98675768187411
Alpha2: -64.98363947429046
Beta:
- -1.6568586680047485e-13
- 0.0
Ma2: 0.5996601559297953
RR: 1.0006075502479779
Yh: 0.10107445560696224
htr: 0.8999999999999994
span1: 0.10000000000000062
span2: 0.11999999999999962
...
